%YAML:1.0
---
model_type: MEI
camera_name: camera
image_width: 640
image_height: 480
mirror_parameters:
   xi: 3.6313355285286337e+00
distortion_parameters:
   k1: 1.0681e-01
   k2: -3.06634e-01
   p1: 3.776e-03
   p2: -4.529e-03
projection_parameters:
   gamma1: 6.16144226e+02
   gamma2: 6.19028564e+02
   u0: 3.22878151e+02
   v0: 2.76933495e+02
